Generation,Best_Fitness,Avg_Fitness,Elapsed_Time_s,Cache_Hit_Rate,Cache_Hits,Cache_Misses,Cache_Size,Cache_Utilization,Generation_Hits,Generation_Misses,Use_Caching,Computation_Complexity,Precision_Level,Use_Fast_Keys,Use_Conditional_Caching,Feature_Quantization,Feature_Size,Cache_Max_Size,Cache_Eviction_Percentage,Generation_Time_s,Timestamp
1,100.58160000000062,31.24154279999999,78.60511898994446,0,0,0,0,0.0,0,0,True,complex,maximum_cache,True,True,True,128,100000,0.1,0,2025-06-22 15:45:39
2,100.58160000000062,35.244388799999996,159.92826509475708,0.789364640883978,1143,305,305,0.00305,1143,305,True,complex,maximum_cache,True,True,True,128,100000,0.1,0,2025-06-22 15:47:01
3,104.20000000000063,38.20438079999989,243.17773604393005,0.7401006344344783,3383,1188,1188,0.01188,2240,883,True,complex,maximum_cache,True,True,True,128,100000,0.1,0,2025-06-22 15:48:24
4,104.20000000000063,43.1321507999999,330.51484298706055,0.7424924924924925,6923,2401,2401,0.02401,3540,1213,True,complex,maximum_cache,True,True,True,128,100000,0.1,0,2025-06-22 15:49:51
5,104.20000000000063,44.28791079999993,418.85313987731934,0.7748486309810856,14461,4202,4202,0.04202,7538,1801,True,complex,maximum_cache,True,True,True,128,100000,0.1,0,2025-06-22 15:51:20
6,104.20000000000063,43.90568999999996,506.57236909866333,0.7787190535310012,21326,6060,6060,0.0606,6865,1858,True,complex,maximum_cache,True,True,True,128,100000,0.1,0,2025-06-22 15:52:47
7,104.20000000000063,45.70528279999993,596.0642940998077,0.7766721378744358,30284,8708,8708,0.08708,8958,2648,True,complex,maximum_cache,True,True,True,128,100000,0.1,0,2025-06-22 15:54:17
8,104.20000000000063,46.30517639999993,685.8209178447723,0.7815016410820949,38335,10718,10718,0.10718,8051,2010,True,complex,maximum_cache,True,True,True,128,100000,0.1,0,2025-06-22 15:55:46
9,130.4424000000012,46.08634639999989,775.4870328903198,0.7751821232708521,47352,13733,13733,0.13733,9017,3015,True,complex,maximum_cache,True,True,True,128,100000,0.1,0,2025-06-22 15:57:16
10,130.4424000000012,46.10456999999992,865.5282011032104,0.7808687554047762,58694,16471,16471,0.16471,11342,2738,True,complex,maximum_cache,True,True,True,128,100000,0.1,0,2025-06-22 15:58:46
11,130.4424000000012,45.1778363999999,953.7381510734558,0.7831831964763949,70770,19592,19592,0.19592,12076,3121,True,complex,maximum_cache,True,True,True,128,100000,0.1,0,2025-06-22 16:00:14
12,151.17960000000224,46.75293439999992,1043.7769119739532,0.7770476622948777,87271,25040,25040,0.2504,16501,5448,True,complex,maximum_cache,True,True,True,128,100000,0.1,0,2025-06-22 16:01:44
13,151.17960000000224,46.68253159999993,1136.2369420528412,0.7794911218754899,104437,29544,29544,0.29544,17166,4504,True,complex,maximum_cache,True,True,True,128,100000,0.1,0,2025-06-22 16:03:17
14,151.17960000000224,44.96774519999994,1227.7669260501862,0.7796581737004085,120840,34151,34151,0.34151,16403,4607,True,complex,maximum_cache,True,True,True,128,100000,0.1,0,2025-06-22 16:04:48
15,151.17960000000224,46.09891159999992,1318.5328109264374,0.7825401117721291,138904,38600,38600,0.386,18064,4449,True,complex,maximum_cache,True,True,True,128,100000,0.1,0,2025-06-22 16:06:19
16,151.17960000000224,46.11150839999991,1411.300819158554,0.7771217892372302,159139,45641,45641,0.45641,20235,7041,True,complex,maximum_cache,True,True,True,128,100000,0.1,0,2025-06-22 16:07:52
17,151.17960000000224,48.26356199999993,1505.6958739757538,0.777714036184295,181660,51922,51922,0.51922,22521,6281,True,complex,maximum_cache,True,True,True,128,100000,0.1,0,2025-06-22 16:09:26
18,151.17960000000224,48.25724399999996,1598.2014508247375,0.7806487627320833,204174,57370,57370,0.5737,22514,5448,True,complex,maximum_cache,True,True,True,128,100000,0.1,0,2025-06-22 16:10:59
19,151.17960000000224,49.159995599999924,1691.5349888801575,0.7846981604160592,231453,63505,63505,0.63505,27279,6135,True,complex,maximum_cache,True,True,True,128,100000,0.1,0,2025-06-22 16:12:32
20,151.17960000000224,49.24636239999992,1783.8133289813995,0.7871809777411067,251868,68094,68094,0.68094,20415,4589,True,complex,maximum_cache,True,True,True,128,100000,0.1,0,2025-06-22 16:14:04
21,151.17960000000224,49.576206799999966,1877.4521791934967,0.7896602423095773,277136,73820,73820,0.7382,25268,5726,True,complex,maximum_cache,True,True,True,128,100000,0.1,0,2025-06-22 16:15:38
22,169.46580000000256,51.04102719999995,1972.9853439331055,0.792433297137491,313069,82004,82004,0.82004,35933,8184,True,complex,maximum_cache,True,True,True,128,100000,0.1,0,2025-06-22 16:17:14
23,169.46580000000256,51.303759999999954,2069.21196103096,0.7933310669797536,352381,91798,91798,0.91798,39312,9794,True,complex,maximum_cache,True,True,True,128,100000,0.1,0,2025-06-22 16:18:50
24,169.46580000000256,50.573229999999974,2165.4516060352325,0.7918748659769622,391438,102880,102880,1.0288,39057,11082,True,complex,maximum_cache,True,True,True,128,100000,0.1,0,2025-06-22 16:20:26
25,169.46580000000256,51.97603639999994,2263.033616065979,0.7904571043378454,433874,115016,112136,1.12136,42436,12136,True,complex,maximum_cache,True,True,True,128,100000,0.1,0,2025-06-22 16:22:04
26,169.46580000000256,51.31480120000001,2360.7023520469666,0.789812521051767,476005,126676,111660,1.1166,42131,11660,True,complex,maximum_cache,True,True,True,128,100000,0.1,0,2025-06-22 16:23:41
27,169.46580000000256,52.15362840000002,2458.7413630485535,0.7880860400256228,517953,139276,112600,1.126,41948,12600,True,complex,maximum_cache,True,True,True,128,100000,0.1,0,2025-06-22 16:25:19
28,169.46580000000256,53.42231799999999,2559.2088418006897,0.7868610524152906,566765,153521,114245,1.14245,48812,14245,True,complex,maximum_cache,True,True,True,128,100000,0.1,0,2025-06-22 16:27:00
29,169.46580000000256,54.16659359999997,2660.2116441726685,0.786102629689917,622021,169251,115730,1.1573,55256,15730,True,complex,maximum_cache,True,True,True,128,100000,0.1,0,2025-06-22 16:28:41
30,169.46580000000256,53.97326440000005,2761.4193341732025,0.7847993158376431,679998,186463,117212,1.17212,57977,17212,True,complex,maximum_cache,True,True,True,128,100000,0.1,0,2025-06-22 16:30:22
31,169.46580000000256,55.48586079999998,2863.5005428791046,0.7809670880385603,750500,210488,124025,1.24025,70502,24025,True,complex,maximum_cache,True,True,True,128,100000,0.1,0,2025-06-22 16:32:04
32,169.46580000000256,57.70898719999999,2968.3845539093018,0.7779923605167338,818984,233705,123217,1.23217,68484,23217,True,complex,maximum_cache,True,True,True,128,100000,0.1,0,2025-06-22 16:33:49
33,169.46580000000256,58.30695439999998,3073.591976881027,0.7760635940856182,894948,258241,124536,1.24536,75964,24536,True,complex,maximum_cache,True,True,True,128,100000,0.1,0,2025-06-22 16:35:34
34,171.89140000000182,56.50813760000004,3175.816612958908,0.7727653252811489,958161,281751,123510,1.2351,63213,23510,True,complex,maximum_cache,True,True,True,128,100000,0.1,0,2025-06-22 16:37:16
35,171.89140000000182,59.547050000000006,3282.6023070812225,0.7693545839964042,1013320,303784,122033,1.22033,55159,22033,True,complex,maximum_cache,True,True,True,128,100000,0.1,0,2025-06-22 16:39:03
36,171.89140000000182,60.3708491999999,3389.218207836151,0.7652090810443877,1064125,326508,122724,1.22724,50805,22724,True,complex,maximum_cache,True,True,True,128,100000,0.1,0,2025-06-22 16:40:50
37,171.89140000000182,60.72042520000002,3495.9386110305786,0.7620804646056291,1114074,347811,121303,1.21303,49949,21303,True,complex,maximum_cache,True,True,True,128,100000,0.1,0,2025-06-22 16:42:37
38,171.89140000000182,59.026221199999995,3601.1676001548767,0.7602596675777925,1160119,365832,118021,1.18021,46045,18021,True,complex,maximum_cache,True,True,True,128,100000,0.1,0,2025-06-22 16:44:22
39,208.666400000004,59.83768999999998,3706.0183761119843,0.7598542950132937,1198620,378814,112982,1.12982,38501,12982,True,complex,maximum_cache,True,True,True,128,100000,0.1,0,2025-06-22 16:46:07
40,208.666400000004,62.89425000000003,3814.0856869220734,0.7591100587820997,1236254,392303,113489,1.13489,37634,13489,True,complex,maximum_cache,True,True,True,128,100000,0.1,0,2025-06-22 16:47:55
41,208.666400000004,60.791967600000035,3919.799571990967,0.759251140604692,1272902,403621,111318,1.11318,36648,11318,True,complex,maximum_cache,True,True,True,128,100000,0.1,0,2025-06-22 16:49:40
42,208.666400000004,62.23414320000003,4028.473165988922,0.7583873671466654,1302955,415105,111484,1.11484,30053,11484,True,complex,maximum_cache,True,True,True,128,100000,0.1,0,2025-06-22 16:51:29
43,208.666400000004,63.62793920000006,4137.224339008331,0.7567531992437374,1328061,426885,111780,1.1178,25106,11780,True,complex,maximum_cache,True,True,True,128,100000,0.1,0,2025-06-22 16:53:18
44,208.666400000004,61.192791599999985,4244.999237060547,0.7562331857563497,1356581,437285,110400,1.104,28520,10400,True,complex,maximum_cache,True,True,True,128,100000,0.1,0,2025-06-22 16:55:06
45,208.666400000004,63.81984520000009,4353.10546708107,0.7553047957806942,1385550,448875,111590,1.1159,28969,11590,True,complex,maximum_cache,True,True,True,128,100000,0.1,0,2025-06-22 16:56:54
46,208.666400000004,63.15030480000004,4461.717346906662,0.755537482581951,1426009,461401,112526,1.12526,40459,12526,True,complex,maximum_cache,True,True,True,128,100000,0.1,0,2025-06-22 16:58:42
47,208.666400000004,63.53665000000007,4570.80458688736,0.7555658698847374,1465080,473970,112569,1.12569,39071,12569,True,complex,maximum_cache,True,True,True,128,100000,0.1,0,2025-06-22 17:00:31
48,208.666400000004,65.5552288000001,4681.488877058029,0.7556067586003224,1499318,484939,110969,1.10969,34238,10969,True,complex,maximum_cache,True,True,True,128,100000,0.1,0,2025-06-22 17:02:22
49,208.666400000004,65.27401520000004,4791.521303892136,0.7542917441018049,1532576,499232,114293,1.14293,33258,14293,True,complex,maximum_cache,True,True,True,128,100000,0.1,0,2025-06-22 17:04:12
50,208.666400000004,66.28880680000007,4906.734131097794,0.7540086077855119,1566569,511085,111853,1.11853,33993,11853,True,complex,maximum_cache,True,True,True,128,100000,0.1,0,2025-06-22 17:06:07
