Generation,Best_Fitness,Avg_Fitness,Elapsed_Time_s,Cache_Hit_Rate,Cache_Hits,Cache_Misses,Cache_Size,Cache_Utilization,Generation_Hits,Generation_Misses,Use_Caching,Computation_Complexity,Precision_Level,Use_Fast_Keys,Use_Conditional_Caching,Feature_Quantization,Feature_Size,Cache_Max_Size,Generation_Time_s,Timestamp
1,73.11339999999974,30.56155999999999,78.1036958694458,0,0,0,0,0.0,0,0,True,complex,maximum_cache,True,True,True,128,100000,0,2025-06-12 20:11:32
2,75.10679999999972,34.529436799999964,159.27219891548157,0.7375776397515528,950,338,338,0.00338,950,338,True,complex,maximum_cache,True,True,True,128,100000,0,2025-06-12 20:12:53
3,76.03939999999976,37.61550239999993,243.4861240386963,0.7844178840194777,3544,974,974,0.00974,2594,636,True,complex,maximum_cache,True,True,True,128,100000,0,2025-06-12 20:14:17
4,76.18939999999975,42.342186399999925,331.9347016811371,0.8221943430656934,14418,3118,3118,0.03118,10874,2144,True,complex,maximum_cache,True,True,True,128,100000,0,2025-06-12 20:15:46
5,76.52539999999999,43.267533199999875,421.21456575393677,0.8246769779135638,25913,5509,5509,0.05509,11495,2391,True,complex,maximum_cache,True,True,True,128,100000,0,2025-06-12 20:17:15
6,77.71439999999993,42.299999199999945,508.66549587249756,0.8152169667617076,41744,9462,9462,0.09462,15831,3953,True,complex,maximum_cache,True,True,True,128,100000,0,2025-06-12 20:18:42
7,77.71439999999993,44.464817599999925,598.433385848999,0.8064830216235953,59637,14310,14310,0.1431,17893,4848,True,complex,maximum_cache,True,True,True,128,100000,0,2025-06-12 20:20:12
8,84.12540000000013,46.66782479999988,689.0880827903748,0.8029189315689257,75480,18527,18527,0.18527,15843,4217,True,complex,maximum_cache,True,True,True,128,100000,0,2025-06-12 20:21:43
9,84.12540000000013,45.95622399999992,779.4890139102936,0.8069836965967949,92858,22210,22210,0.2221,17378,3683,True,complex,maximum_cache,True,True,True,128,100000,0,2025-06-12 20:23:13
10,119.77520000000099,46.22026839999994,869.2969777584076,0.8095488005303355,117234,27580,27580,0.2758,24376,5370,True,complex,maximum_cache,True,True,True,128,100000,0,2025-06-12 20:24:43
11,119.77520000000099,47.729766399999896,960.7380087375641,0.8139585940415816,148300,33896,33896,0.33896,31066,6316,True,complex,maximum_cache,True,True,True,128,100000,0,2025-06-12 20:26:15
12,119.77520000000099,46.87611999999991,1052.1106729507446,0.8141791563189247,187525,42799,42799,0.42799,39225,8903,True,complex,maximum_cache,True,True,True,128,100000,0,2025-06-12 20:27:46
13,119.77520000000099,45.75725079999998,1142.893658876419,0.81388381904135,217613,49763,49763,0.49763,30088,6964,True,complex,maximum_cache,True,True,True,128,100000,0,2025-06-12 20:29:17
14,119.77520000000099,46.31066519999997,1233.2320346832275,0.8158500229445383,254236,57385,57385,0.57385,36623,7622,True,complex,maximum_cache,True,True,True,128,100000,0,2025-06-12 20:30:47
15,119.77520000000099,46.484345999999924,1323.4304568767548,0.8125855138818644,305264,70406,70406,0.70406,51028,13021,True,complex,maximum_cache,True,True,True,128,100000,0,2025-06-12 20:32:17
16,119.77520000000099,45.657560399999944,1413.112617969513,0.8103451748251749,362123,84752,84752,0.84752,56859,14346,True,complex,maximum_cache,True,True,True,128,100000,0,2025-06-12 20:33:47
17,119.77520000000099,47.38470119999994,1505.024930715561,0.8081571398215045,425957,101115,100000,1.0,63834,16363,True,complex,maximum_cache,True,True,True,128,100000,0,2025-06-12 20:35:19
18,131.85080000000124,46.5730231999999,1596.4744288921356,0.8023671274767489,507969,125119,100000,1.0,82012,24004,True,complex,maximum_cache,True,True,True,128,100000,0,2025-06-12 20:36:50
19,131.85080000000124,47.130970799999915,1688.4185009002686,0.7992361730076155,598098,150239,100000,1.0,90129,25120,True,complex,maximum_cache,True,True,True,128,100000,0,2025-06-12 20:38:22
20,131.85080000000124,46.55989879999993,1779.3434028625488,0.7954558005694056,676983,174080,100000,1.0,78885,23841,True,complex,maximum_cache,True,True,True,128,100000,0,2025-06-12 20:39:53
21,131.85080000000124,47.85243159999993,1872.1502089500427,0.7944793142313539,768333,198757,100000,1.0,91350,24677,True,complex,maximum_cache,True,True,True,128,100000,0,2025-06-12 20:41:26
22,131.85080000000124,48.37111159999991,1966.1374847888947,0.7929397864857752,861740,225026,100000,1.0,93407,26269,True,complex,maximum_cache,True,True,True,128,100000,0,2025-06-12 20:43:00
23,130.5122000000011,47.27566639999991,2058.5797197818756,0.7924026141325489,941135,246563,100000,1.0,79395,21537,True,complex,maximum_cache,True,True,True,128,100000,0,2025-06-12 20:44:32
24,130.5122000000011,47.02061999999992,2152.7531468868256,0.7923459194729228,1012130,265254,100000,1.0,70995,18691,True,complex,maximum_cache,True,True,True,128,100000,0,2025-06-12 20:46:07
25,130.5122000000011,48.461550399999915,2247.3629779815674,0.7916551749297727,1085003,285547,100000,1.0,72873,20293,True,complex,maximum_cache,True,True,True,128,100000,0,2025-06-12 20:47:41
26,130.5122000000011,47.93587879999993,2340.5962266921997,0.7902704442572542,1153945,306245,100000,1.0,68942,20698,True,complex,maximum_cache,True,True,True,128,100000,0,2025-06-12 20:49:14
27,136.13820000000112,48.683171999999935,2435.6952147483826,0.7878266333806947,1243697,334946,100000,1.0,89752,28701,True,complex,maximum_cache,True,True,True,128,100000,0,2025-06-12 20:50:49
28,136.13820000000112,49.07676799999995,2531.1325058937073,0.783415457318624,1339812,370407,100000,1.0,96115,35461,True,complex,maximum_cache,True,True,True,128,100000,0,2025-06-12 20:52:25
29,136.13820000000112,50.54748999999997,2627.9476931095123,0.7804225999331106,1435084,403771,100000,1.0,95272,33364,True,complex,maximum_cache,True,True,True,128,100000,0,2025-06-12 20:54:02
30,136.13820000000112,51.76177879999998,2727.491896867752,0.7768411009256084,1533945,440648,100000,1.0,98861,36877,True,complex,maximum_cache,True,True,True,128,100000,0,2025-06-12 20:55:41
31,158.0090000000015,52.39344679999999,2828.636319875717,0.7739039994365338,1648164,481511,100000,1.0,114219,40863,True,complex,maximum_cache,True,True,True,128,100000,0,2025-06-12 20:57:22
32,168.63360000000188,54.37736719999997,2931.5724017620087,0.7709697115812976,1765203,524385,100000,1.0,117039,42874,True,complex,maximum_cache,True,True,True,128,100000,0,2025-06-12 20:59:05
33,168.63360000000188,55.04770679999999,3035.7857699394226,0.768013880052456,1892804,571740,100000,1.0,127601,47355,True,complex,maximum_cache,True,True,True,128,100000,0,2025-06-12 21:00:50
34,168.63360000000188,54.542913999999996,3140.2044270038605,0.7639563441268519,1995784,616648,100000,1.0,102980,44908,True,complex,maximum_cache,True,True,True,128,100000,0,2025-06-12 21:02:34
35,168.63360000000188,55.37064519999999,3247.246783018112,0.7598824679111269,2082350,658008,100000,1.0,86566,41360,True,complex,maximum_cache,True,True,True,128,100000,0,2025-06-12 21:04:21
36,183.16360000000222,55.285111999999984,3352.8080468177795,0.7549975360862528,2152615,698540,100000,1.0,70265,40532,True,complex,maximum_cache,True,True,True,128,100000,0,2025-06-12 21:06:07
37,183.16360000000222,55.332734399999985,3459.060073852539,0.749385316463853,2232855,746727,100000,1.0,80240,48187,True,complex,maximum_cache,True,True,True,128,100000,0,2025-06-12 21:07:53
38,183.16360000000222,57.34755639999993,3566.619828939438,0.744217333063498,2316756,796254,100000,1.0,83901,49527,True,complex,maximum_cache,True,True,True,128,100000,0,2025-06-12 21:09:40
39,183.16360000000222,58.93288640000003,3677.3506350517273,0.7377338246154687,2404442,854785,100000,1.0,87686,58531,True,complex,maximum_cache,True,True,True,128,100000,0,2025-06-12 21:11:31
40,183.16360000000222,57.609528,3785.7889478206635,0.7318442926016037,2496951,914910,100000,1.0,92509,60125,True,complex,maximum_cache,True,True,True,128,100000,0,2025-06-12 21:13:20
41,183.16360000000222,59.27452600000009,3895.4465248584747,0.7264927502370158,2587000,973944,100000,1.0,90049,59034,True,complex,maximum_cache,True,True,True,128,100000,0,2025-06-12 21:15:09
42,186.86060000000296,59.13852440000003,4005.705340862274,0.7226342866407491,2669802,1024739,100000,1.0,82802,50795,True,complex,maximum_cache,True,True,True,128,100000,0,2025-06-12 21:16:59
43,186.86060000000296,60.43313640000002,4117.823145866394,0.7167281647138645,2746574,1085526,100000,1.0,76772,60787,True,complex,maximum_cache,True,True,True,128,100000,0,2025-06-12 21:18:52
44,186.86060000000296,62.22153160000002,4231.507415056229,0.7116266550642839,2826295,1145303,100000,1.0,79721,59777,True,complex,maximum_cache,True,True,True,128,100000,0,2025-06-12 21:20:45
45,186.86060000000296,61.772854400000014,4343.236191034317,0.7070581008414024,2908644,1205083,100000,1.0,82349,59780,True,complex,maximum_cache,True,True,True,128,100000,0,2025-06-12 21:22:37
46,186.86060000000296,62.06989319999999,4456.147348880768,0.7039417932081901,2997910,1260837,100000,1.0,89266,55754,True,complex,maximum_cache,True,True,True,128,100000,0,2025-06-12 21:24:30
47,191.89260000000328,63.667803200000044,4572.494095802307,0.7033836334928376,3086721,1301668,100000,1.0,88811,40831,True,complex,maximum_cache,True,True,True,128,100000,0,2025-06-12 21:26:26
48,191.89260000000328,64.23337240000002,4689.431231021881,0.7033490169478044,3183326,1342629,100000,1.0,96605,40961,True,complex,maximum_cache,True,True,True,128,100000,0,2025-06-12 21:28:23
49,191.89260000000328,63.733043600000066,4802.671768903732,0.7042897207595122,3298786,1385062,100000,1.0,115460,42433,True,complex,maximum_cache,True,True,True,128,100000,0,2025-06-12 21:30:16
50,191.89260000000328,63.64447239999999,4915.782959938049,0.7057646203847879,3411657,1422330,100000,1.0,112871,37268,True,complex,maximum_cache,True,True,True,128,100000,0,2025-06-12 21:32:10
