Generation,Best_Fitness,Avg_Fitness,Elapsed_Time_s,Cache_Hit_Rate,Cache_Hits,Cache_Misses,Cache_Size,Cache_Utilization,Generation_Hits,Generation_Misses,Use_Caching,Computation_Complexity,Precision_Level,Use_Fast_Keys,Use_Conditional_Caching,Feature_Quantization,Feature_Size,Cache_Max_Size,Cache_Eviction_Percentage,Generation_Time_s,Timestamp
1,81.51260000000002,30.20619640000001,78.73578023910522,0,0,0,0,0.0,0,0,True,complex,maximum_cache,True,True,True,128,50000,0.1,0,2025-06-22 20:28:11
2,81.51260000000002,34.773659999999964,161.80132508277893,0.7507163323782235,1310,435,435,0.0087,1310,435,True,complex,maximum_cache,True,True,True,128,50000,0.1,0,2025-06-22 20:29:34
3,81.51260000000002,39.403565599999965,248.27732515335083,0.7950539331754801,3022,779,779,0.01558,1712,344,True,complex,maximum_cache,True,True,True,128,50000,0.1,0,2025-06-22 20:31:01
4,81.51260000000002,42.85934799999997,336.6693754196167,0.7862781685086838,5478,1489,1489,0.02978,2456,710,True,complex,maximum_cache,True,True,True,128,50000,0.1,0,2025-06-22 20:32:29
5,83.9922000000001,44.36383519999989,428.3282890319824,0.7948610529255691,11384,2938,2938,0.05876,5906,1449,True,complex,maximum_cache,True,True,True,128,50000,0.1,0,2025-06-22 20:34:01
6,83.9922000000001,45.654871599999986,519.1556842327118,0.8070551883958459,18806,4496,4496,0.08992,7422,1558,True,complex,maximum_cache,True,True,True,128,50000,0.1,0,2025-06-22 20:35:32
7,83.9922000000001,46.48765239999991,611.4534752368927,0.8149390406218389,30614,6952,6952,0.13904,11808,2456,True,complex,maximum_cache,True,True,True,128,50000,0.1,0,2025-06-22 20:37:04
8,87.79860000000028,45.99591759999992,703.4748132228851,0.8120786827273732,44091,10203,10203,0.20406,13477,3251,True,complex,maximum_cache,True,True,True,128,50000,0.1,0,2025-06-22 20:38:36
9,101.48140000000039,45.66091079999989,794.7901680469513,0.8056740489686204,55150,13302,13302,0.26604,11059,3099,True,complex,maximum_cache,True,True,True,128,50000,0.1,0,2025-06-22 20:40:07
10,101.13140000000038,45.964304399999904,886.2169411182404,0.7953539328354872,71146,18306,18306,0.36612,15996,5004,True,complex,maximum_cache,True,True,True,128,50000,0.1,0,2025-06-22 20:41:39
11,130.07540000000125,46.316055999999946,977.418543100357,0.7908199080411358,90125,23839,23839,0.47678,18979,5533,True,complex,maximum_cache,True,True,True,128,50000,0.1,0,2025-06-22 20:43:10
12,130.07540000000125,46.575036799999914,1069.2241263389587,0.7864352841728407,110712,30065,30065,0.6013,20587,6226,True,complex,maximum_cache,True,True,True,128,50000,0.1,0,2025-06-22 20:44:42
13,130.07540000000125,46.96895399999996,1161.5522372722626,0.7872917473847346,130048,35136,35136,0.70272,19336,5071,True,complex,maximum_cache,True,True,True,128,50000,0.1,0,2025-06-22 20:46:14
14,130.07540000000125,46.5936347999999,1252.9424502849579,0.7851551293085782,153256,41936,41936,0.83872,23208,6800,True,complex,maximum_cache,True,True,True,128,50000,0.1,0,2025-06-22 20:47:45
15,130.07540000000125,46.35747399999999,1344.8153133392334,0.7849318101887431,180780,49533,49533,0.99066,27524,7597,True,complex,maximum_cache,True,True,True,128,50000,0.1,0,2025-06-22 20:49:17
16,130.07540000000125,47.061042399999934,1436.9216961860657,0.785408451339576,208932,57085,57085,1.1417,28152,7552,True,complex,maximum_cache,True,True,True,128,50000,0.1,0,2025-06-22 20:50:49
17,130.07540000000125,47.801645999999955,1529.636753320694,0.7859747949536322,234685,63906,56821,1.13642,25753,6821,True,complex,maximum_cache,True,True,True,128,50000,0.1,0,2025-06-22 20:52:22
18,135.814000000001,48.3522567999999,1622.848440170288,0.7880326167531505,265764,71486,57580,1.1516,31079,7580,True,complex,maximum_cache,True,True,True,128,50000,0.1,0,2025-06-22 20:53:55
19,202.56180000000194,50.00550079999994,1717.6484792232513,0.7911373488749766,299114,78967,57481,1.14962,33350,7481,True,complex,maximum_cache,True,True,True,128,50000,0.1,0,2025-06-22 20:55:30
20,202.56180000000194,48.14161759999995,1811.6049411296844,0.7929391468649237,347481,90738,61771,1.23542,48367,11771,True,complex,maximum_cache,True,True,True,128,50000,0.1,0,2025-06-22 20:57:04
21,202.56180000000194,49.190239999999925,1907.8981611728668,0.790678216063614,394059,104322,63584,1.27168,46578,13584,True,complex,maximum_cache,True,True,True,128,50000,0.1,0,2025-06-22 20:58:40
22,202.56180000000194,49.81703319999998,2003.9848132133484,0.7893898686812261,445133,118762,64440,1.2888,51074,14440,True,complex,maximum_cache,True,True,True,128,50000,0.1,0,2025-06-22 21:00:16
23,202.56180000000194,50.62706199999994,2101.5522553920746,0.7877155881385404,502854,135516,66754,1.33508,57721,16754,True,complex,maximum_cache,True,True,True,128,50000,0.1,0,2025-06-22 21:01:54
24,202.56180000000194,51.72431279999998,2200.6413283348083,0.7851349381027432,565411,154734,69218,1.38436,62557,19218,True,complex,maximum_cache,True,True,True,128,50000,0.1,0,2025-06-22 21:03:33
25,202.56180000000194,51.925397199999935,2300.9514582157135,0.7835542373066863,644319,177984,73250,1.465,78908,23250,True,complex,maximum_cache,True,True,True,128,50000,0.1,0,2025-06-22 21:05:13
26,202.56180000000194,55.01817479999997,2403.992471218109,0.7822181030884131,723303,201379,73395,1.4679,78984,23395,True,complex,maximum_cache,True,True,True,128,50000,0.1,0,2025-06-22 21:06:57
27,202.56180000000194,54.059524,2505.9897952079773,0.7796288990816685,794459,224563,73184,1.46368,71156,23184,True,complex,maximum_cache,True,True,True,128,50000,0.1,0,2025-06-22 21:08:39
28,202.56180000000194,54.454199599999946,2609.108991384506,0.7783210081029445,866504,246795,72232,1.44464,72045,22232,True,complex,maximum_cache,True,True,True,128,50000,0.1,0,2025-06-22 21:10:22
29,202.56180000000194,55.35252120000002,2713.2237441539764,0.7779265066768652,951951,271752,74957,1.49914,85447,24957,True,complex,maximum_cache,True,True,True,128,50000,0.1,0,2025-06-22 21:12:06
30,202.56180000000194,55.38549840000001,2817.0801882743835,0.7771389633850941,1029863,295335,73583,1.47166,77912,23583,True,complex,maximum_cache,True,True,True,128,50000,0.1,0,2025-06-22 21:13:50
31,202.56180000000194,56.46646959999996,2922.7160131931305,0.7753704256688271,1106145,320457,75122,1.50244,76282,25122,True,complex,maximum_cache,True,True,True,128,50000,0.1,0,2025-06-22 21:15:35
32,1092.603399999977,57.972217199999896,3027.3764011859894,0.7742286160784285,1180111,344130,73673,1.47346,73966,23673,True,complex,maximum_cache,True,True,True,128,50000,0.1,0,2025-06-22 21:17:20
33,1092.603399999977,58.13029839999987,3132.777642250061,0.7700347141696708,1268375,378791,84661,1.69322,88264,34661,True,complex,maximum_cache,True,True,True,128,50000,0.1,0,2025-06-22 21:19:05
34,1092.603399999977,59.65175639999992,3240.010630130768,0.7652370561306624,1350485,414308,85517,1.71034,82110,35517,True,complex,maximum_cache,True,True,True,128,50000,0.1,0,2025-06-22 21:20:53
35,1092.603399999977,60.317975999999916,3347.6789441108704,0.7623129374123083,1457181,454345,90037,1.80074,106696,40037,True,complex,maximum_cache,True,True,True,128,50000,0.1,0,2025-06-22 21:22:40
36,1092.603399999977,58.37565199999998,3453.06014919281,0.758031222984121,1580934,504645,100300,2.006,123753,50300,True,complex,maximum_cache,True,True,True,128,50000,0.1,0,2025-06-22 21:24:26
37,1092.603399999977,60.20645959999993,3559.9859902858734,0.7567172429974652,1702862,547466,92821,1.85642,121928,42821,True,complex,maximum_cache,True,True,True,128,50000,0.1,0,2025-06-22 21:26:12
38,1092.603399999977,60.18271599999992,3667.2345321178436,0.7572379909927223,1812540,581080,83614,1.67228,109678,33614,True,complex,maximum_cache,True,True,True,128,50000,0.1,0,2025-06-22 21:28:00
39,1092.603399999977,58.216589999999954,3772.1622290611267,0.7568763563892127,1947100,625447,94367,1.88734,134560,44367,True,complex,maximum_cache,True,True,True,128,50000,0.1,0,2025-06-22 21:29:45
40,1092.603399999977,60.70574799999997,3880.334895133972,0.7565109442359822,2074381,667656,92209,1.84418,127281,42209,True,complex,maximum_cache,True,True,True,128,50000,0.1,0,2025-06-22 21:31:33
41,1092.603399999977,61.16487719999989,3987.291604280472,0.756354534706041,2187816,704764,87108,1.74216,113435,37108,True,complex,maximum_cache,True,True,True,128,50000,0.1,0,2025-06-22 21:33:20
42,1092.603399999977,60.80090199999995,4094.4218151569366,0.7568829558761634,2312615,742831,88067,1.76134,124799,38067,True,complex,maximum_cache,True,True,True,128,50000,0.1,0,2025-06-22 21:35:07
43,1092.603399999977,61.611237599999875,4202.777833223343,0.7573704427572261,2440549,781849,89018,1.78036,127934,39018,True,complex,maximum_cache,True,True,True,128,50000,0.1,0,2025-06-22 21:36:55
44,1092.603399999977,63.425459599999925,4312.5978763103485,0.7583598369467838,2573303,819945,88096,1.76192,132754,38096,True,complex,maximum_cache,True,True,True,128,50000,0.1,0,2025-06-22 21:38:45
45,1092.603399999977,62.53937919999998,4420.910639286041,0.7596562775702105,2705411,855951,86006,1.72012,132108,36006,True,complex,maximum_cache,True,True,True,128,50000,0.1,0,2025-06-22 21:40:33
46,1092.603399999977,62.20541959999997,4531.157523393631,0.7603978156884371,2830755,891974,86023,1.72046,125344,36023,True,complex,maximum_cache,True,True,True,128,50000,0.1,0,2025-06-22 21:42:24
47,1092.603399999977,62.393724,4639.601403236389,0.7602135932025026,2969056,936499,94525,1.8905,138301,44525,True,complex,maximum_cache,True,True,True,128,50000,0.1,0,2025-06-22 21:44:12
48,1092.603399999977,63.66641479999995,4751.58270740509,0.7602396661552958,3123989,985227,98728,1.97456,154933,48728,True,complex,maximum_cache,True,True,True,128,50000,0.1,0,2025-06-22 21:46:04
49,1092.603399999977,61.86625359999995,4861.585286140442,0.7598067501405299,3261608,1031073,95846,1.91692,137619,45846,True,complex,maximum_cache,True,True,True,128,50000,0.1,0,2025-06-22 21:47:54
50,1092.603399999977,64.45404359999998,4975.64795923233,0.7588307357702567,3385710,1076036,94963,1.89926,124102,44963,True,complex,maximum_cache,True,True,True,128,50000,0.1,0,2025-06-22 21:49:48
