Generation,Best_Fitness,Avg_Fitness,Elapsed_Time_s,Cache_Hit_Rate,Cache_Hits,Cache_Misses,Cache_Size,Cache_Utilization,Generation_Hits,Generation_Misses,Use_Caching,Computation_Complexity,Precision_Level,Use_Fast_Keys,Use_Conditional_Caching,Feature_Quantization,Feature_Size,Cache_Max_Size,Cache_Eviction_Percentage,Generation_Time_s,Timestamp
1,73.17279999999975,30.72127200000001,79.61934185028076,0,0,0,0,0.0,0,0,True,complex,maximum_cache,True,True,True,128,150000,0.1,0,2025-06-22 23:13:19
2,85.27320000000034,36.05093039999996,162.83098101615906,0.7970588235294118,1084,276,276,0.00184,1084,276,True,complex,maximum_cache,True,True,True,128,150000,0.1,0,2025-06-22 23:14:42
3,85.27320000000034,40.474371999999946,249.4378969669342,0.7715487035739313,2202,652,652,0.004346666666666667,1118,376,True,complex,maximum_cache,True,True,True,128,150000,0.1,0,2025-06-22 23:16:09
4,87.70960000000024,43.42939079999989,338.83635115623474,0.7632286995515695,5106,1584,1584,0.01056,2904,932,True,complex,maximum_cache,True,True,True,128,150000,0.1,0,2025-06-22 23:17:38
5,88.15280000000028,43.5003963999999,428.1304609775543,0.781541802388708,10797,3018,3018,0.02012,5691,1434,True,complex,maximum_cache,True,True,True,128,150000,0.1,0,2025-06-22 23:19:07
6,90.69640000000037,44.53273959999997,517.8472621440887,0.8090342798180915,21170,4997,4997,0.033313333333333334,10373,1979,True,complex,maximum_cache,True,True,True,128,150000,0.1,0,2025-06-22 23:20:37
7,90.69640000000037,44.363501199999924,607.5914499759674,0.8045564903167522,28499,6923,6923,0.04615333333333333,7329,1926,True,complex,maximum_cache,True,True,True,128,150000,0.1,0,2025-06-22 23:22:07
8,113.30620000000064,44.7764679999999,697.6815400123596,0.7957347550816395,38208,9808,9808,0.06538666666666666,9709,2885,True,complex,maximum_cache,True,True,True,128,150000,0.1,0,2025-06-22 23:23:37
9,113.30620000000064,46.93948199999996,790.2595520019531,0.7874633039765145,47210,12742,12742,0.08494666666666667,9002,2934,True,complex,maximum_cache,True,True,True,128,150000,0.1,0,2025-06-22 23:25:10
10,124.7816000000009,47.95968239999996,883.5174849033356,0.7863586588100329,60320,16388,16388,0.10925333333333333,13110,3646,True,complex,maximum_cache,True,True,True,128,150000,0.1,0,2025-06-22 23:26:43
11,127.16860000000085,48.087628399999936,977.1706688404083,0.7861236265907834,79562,21646,21646,0.14430666666666667,19242,5258,True,complex,maximum_cache,True,True,True,128,150000,0.1,0,2025-06-22 23:28:17
12,127.16860000000085,47.80815439999992,1069.9958832263947,0.765251936910914,96698,29663,29663,0.19775333333333334,17136,8017,True,complex,maximum_cache,True,True,True,128,150000,0.1,0,2025-06-22 23:29:49
13,127.16860000000085,49.49886559999994,1164.8647289276123,0.742965572983759,117659,40705,40705,0.27136666666666664,20961,11042,True,complex,maximum_cache,True,True,True,128,150000,0.1,0,2025-06-22 23:31:24
14,127.16860000000085,48.57103319999996,1258.0114760398865,0.7232062397857619,142050,54367,54367,0.36244666666666664,24391,13662,True,complex,maximum_cache,True,True,True,128,150000,0.1,0,2025-06-22 23:32:57
15,127.16860000000085,48.75700919999991,1351.5866420269012,0.7137014838720694,167186,67066,67066,0.44710666666666665,25136,12699,True,complex,maximum_cache,True,True,True,128,150000,0.1,0,2025-06-22 23:34:31
16,127.16860000000085,50.01091199999995,1447.111515045166,0.714006174883983,187553,75124,75124,0.5008266666666666,20367,8058,True,complex,maximum_cache,True,True,True,128,150000,0.1,0,2025-06-22 23:36:06
17,127.16860000000085,48.9189379999999,1541.5946068763733,0.7165049498689637,203956,80698,80698,0.5379866666666666,16403,5574,True,complex,maximum_cache,True,True,True,128,150000,0.1,0,2025-06-22 23:37:41
18,127.16860000000085,49.98962319999992,1637.325464963913,0.7189172753244943,226978,88744,88744,0.5916266666666666,23022,8046,True,complex,maximum_cache,True,True,True,128,150000,0.1,0,2025-06-22 23:39:17
19,127.16860000000085,49.834176799999945,1733.3429851531982,0.7210530441371582,248366,96083,96083,0.6405533333333333,21388,7339,True,complex,maximum_cache,True,True,True,128,150000,0.1,0,2025-06-22 23:40:53
20,151.0240000000023,50.949696799999934,1830.9380819797516,0.7265560399155447,271506,102183,102183,0.68122,23140,6100,True,complex,maximum_cache,True,True,True,128,150000,0.1,0,2025-06-22 23:42:30
21,157.41200000000157,52.42022999999992,1929.9158639907837,0.7288105704989692,293441,109189,109189,0.7279266666666667,21935,7006,True,complex,maximum_cache,True,True,True,128,150000,0.1,0,2025-06-22 23:44:09
22,157.41200000000157,51.55757119999993,2028.095882177353,0.7338086791023403,317701,115247,115247,0.7683133333333333,24260,6058,True,complex,maximum_cache,True,True,True,128,150000,0.1,0,2025-06-22 23:45:47
23,190.0984000000029,53.54650799999998,2128.6316261291504,0.7382638742224361,339075,120212,120212,0.8014133333333333,21374,4965,True,complex,maximum_cache,True,True,True,128,150000,0.1,0,2025-06-22 23:47:28
24,190.0984000000029,53.932507599999965,2229.1819338798523,0.7411264897718698,358494,125221,125221,0.8348066666666667,19419,5009,True,complex,maximum_cache,True,True,True,128,150000,0.1,0,2025-06-22 23:49:09
25,190.0984000000029,53.84102319999997,2330.372806072235,0.7452489576991546,386817,132227,132227,0.8815133333333334,28323,7006,True,complex,maximum_cache,True,True,True,128,150000,0.1,0,2025-06-22 23:50:50
26,190.0984000000029,54.25127719999997,2431.399223804474,0.7487247062946125,410236,137677,137677,0.9178466666666667,23419,5450,True,complex,maximum_cache,True,True,True,128,150000,0.1,0,2025-06-22 23:52:31
27,190.0984000000029,56.001229199999926,2534.379020214081,0.7530079498614125,432774,141953,141953,0.9463533333333334,22538,4276,True,complex,maximum_cache,True,True,True,128,150000,0.1,0,2025-06-22 23:54:14
28,190.0984000000029,56.48837639999995,2637.9224741458893,0.756844889769003,459781,147716,147716,0.9847733333333333,27007,5763,True,complex,maximum_cache,True,True,True,128,150000,0.1,0,2025-06-22 23:55:57
29,190.0984000000029,56.99610839999997,2741.899568080902,0.7593476488344352,490796,155543,155543,1.0369533333333334,31015,7827,True,complex,maximum_cache,True,True,True,128,150000,0.1,0,2025-06-22 23:57:41
30,190.0984000000029,56.63771319999999,2844.5736830234528,0.7599907422831476,515542,162811,157268,1.0484533333333332,24746,7268,True,complex,maximum_cache,True,True,True,128,150000,0.1,0,2025-06-22 23:59:24
31,190.0984000000029,58.27103879999997,2949.905977010727,0.7619142608443348,546195,170677,157866,1.05244,30653,7866,True,complex,maximum_cache,True,True,True,128,150000,0.1,0,2025-06-23 00:01:09
32,190.0984000000029,60.90205840000003,3058.0277049541473,0.7639693551841771,584953,180723,160046,1.0669733333333333,38758,10046,True,complex,maximum_cache,True,True,True,128,150000,0.1,0,2025-06-23 00:02:57
33,190.0984000000029,58.49960039999999,3164.619521856308,0.766281723684537,617761,188419,157696,1.0513066666666666,32808,7696,True,complex,maximum_cache,True,True,True,128,150000,0.1,0,2025-06-23 00:04:44
34,190.0984000000029,61.6508424,3272.7581589221954,0.7679845331609592,655825,198131,159712,1.0647466666666667,38064,9712,True,complex,maximum_cache,True,True,True,128,150000,0.1,0,2025-06-23 00:06:32
35,190.0984000000029,60.441830800000005,3380.3011610507965,0.7682379894701306,703169,212132,164001,1.09334,47344,14001,True,complex,maximum_cache,True,True,True,128,150000,0.1,0,2025-06-23 00:08:20
36,190.0984000000029,59.912397200000036,3486.976129055023,0.7709632539487683,753632,223888,161756,1.0783733333333334,50463,11756,True,complex,maximum_cache,True,True,True,128,150000,0.1,0,2025-06-23 00:10:06
37,190.0984000000029,60.208972399999965,3594.02481007576,0.7717170524669704,797487,235906,162018,1.08012,43855,12018,True,complex,maximum_cache,True,True,True,128,150000,0.1,0,2025-06-23 00:11:53
38,190.0984000000029,62.99138640000005,3704.2265870571136,0.7722789397132266,835205,246276,160370,1.0691333333333333,37718,10370,True,complex,maximum_cache,True,True,True,128,150000,0.1,0,2025-06-23 00:13:44
39,190.0984000000029,61.354379200000025,3811.645133972168,0.772092794133688,877712,259084,162808,1.0853866666666667,42507,12808,True,complex,maximum_cache,True,True,True,128,150000,0.1,0,2025-06-23 00:15:31
40,190.0984000000029,65.00145280000007,3922.8394091129303,0.7722687641800928,914272,269606,160522,1.0701466666666666,36560,10522,True,complex,maximum_cache,True,True,True,128,150000,0.1,0,2025-06-23 00:17:22
41,190.0984000000029,68.78126200000005,4039.1078679561615,0.7730888363932209,946437,277791,158185,1.0545666666666667,32165,8185,True,complex,maximum_cache,True,True,True,128,150000,0.1,0,2025-06-23 00:19:18
42,190.0984000000029,67.89730440000001,4154.486772060394,0.7720861882451917,985646,290955,163164,1.08776,39209,13164,True,complex,maximum_cache,True,True,True,128,150000,0.1,0,2025-06-23 00:21:14
43,190.0984000000029,64.83101280000007,4267.618930101395,0.7707764761261569,1028306,305811,164856,1.09904,42660,14856,True,complex,maximum_cache,True,True,True,128,150000,0.1,0,2025-06-23 00:23:07
44,190.0984000000029,64.06293440000007,4379.617857217789,0.7715317779245026,1084391,321113,165302,1.1020133333333333,56085,15302,True,complex,maximum_cache,True,True,True,128,150000,0.1,0,2025-06-23 00:24:59
45,190.0984000000029,66.92596840000002,4494.515874862671,0.7735608606467944,1152099,337246,166133,1.1075533333333334,67708,16133,True,complex,maximum_cache,True,True,True,128,150000,0.1,0,2025-06-23 00:26:54
46,190.0984000000029,67.00182840000001,4610.062299013138,0.7757837490383447,1226210,354398,167152,1.1143466666666666,74111,17152,True,complex,maximum_cache,True,True,True,128,150000,0.1,0,2025-06-23 00:28:49
47,190.0984000000029,64.57650400000009,4721.861409187317,0.7774916534415034,1308541,374488,170090,1.1339333333333332,82331,20090,True,complex,maximum_cache,True,True,True,128,150000,0.1,0,2025-06-23 00:30:41
48,190.0984000000029,67.9647484000001,4837.10759305954,0.779328161334206,1395518,395150,170662,1.1377466666666667,86977,20662,True,complex,maximum_cache,True,True,True,128,150000,0.1,0,2025-06-23 00:32:36
49,190.0984000000029,66.80042200000014,4951.632771015167,0.7807521522620298,1476610,414656,169506,1.13004,81092,19506,True,complex,maximum_cache,True,True,True,128,150000,0.1,0,2025-06-23 00:34:31
50,190.0984000000029,67.01453840000006,5068.002647161484,0.7821725812202489,1577269,439254,174598,1.1639866666666667,100659,24598,True,complex,maximum_cache,True,True,True,128,150000,0.1,0,2025-06-23 00:36:27
