Generation,Best_Fitness,Avg_Fitness,Elapsed_Time_s,Cache_Hit_Rate,Cache_Hits,Cache_Misses,Cache_Size,Cache_Utilization,Generation_Hits,Generation_Misses,Use_Caching,Computation_Complexity,Precision_Level,Use_Fast_Keys,Use_Conditional_Caching,Feature_Quantization,Feature_Size,Cache_Max_Size,Cache_Eviction_Percentage,Generation_Time_s,Timestamp
1,76.51500000000006,31.227944799999992,78.74052572250366,0,0,0,0,0.0,0,0,True,complex,maximum_cache,True,True,True,128,100000,0.1,0,2025-06-22 13:36:34
2,76.9914,35.038505999999984,160.0137186050415,0.7820224719101123,1392,388,388,0.00388,1392,388,True,complex,maximum_cache,True,True,True,128,100000,0.1,0,2025-06-22 13:37:55
3,76.9914,38.26531399999996,244.93978595733643,0.7825434913017396,5218,1450,1450,0.0145,3826,1062,True,complex,maximum_cache,True,True,True,128,100000,0.1,0,2025-06-22 13:39:20
4,92.6400000000004,42.49484599999988,331.9847218990326,0.7970569553250053,15058,3834,3834,0.03834,9840,2384,True,complex,maximum_cache,True,True,True,128,100000,0.1,0,2025-06-22 13:40:47
5,92.6400000000004,43.106559999999945,419.0050587654114,0.804900509784575,24473,5932,5932,0.05932,9415,2098,True,complex,maximum_cache,True,True,True,128,100000,0.1,0,2025-06-22 13:42:14
6,92.6400000000004,44.85432519999991,507.5512628555298,0.8008639813193228,34297,8528,8528,0.08528,9824,2596,True,complex,maximum_cache,True,True,True,128,100000,0.1,0,2025-06-22 13:43:43
7,92.6400000000004,45.09137839999995,595.8172008991241,0.7991782507964089,44153,11095,11095,0.11095,9856,2567,True,complex,maximum_cache,True,True,True,128,100000,0.1,0,2025-06-22 13:45:11
8,92.6400000000004,44.30293799999993,682.979841709137,0.794789863755381,53727,13872,13872,0.13872,9574,2777,True,complex,maximum_cache,True,True,True,128,100000,0.1,0,2025-06-22 13:46:38
9,92.6400000000004,45.530542399999895,771.2622079849243,0.7937297404300596,64154,16672,16672,0.16672,10427,2800,True,complex,maximum_cache,True,True,True,128,100000,0.1,0,2025-06-22 13:48:07
10,92.6400000000004,45.712994399999914,859.4405617713928,0.7952604023146872,75036,19318,19318,0.19318,10882,2646,True,complex,maximum_cache,True,True,True,128,100000,0.1,0,2025-06-22 13:49:35
11,92.6400000000004,46.90092319999992,948.0408797264099,0.7977860752809837,84610,21446,21446,0.21446,9574,2128,True,complex,maximum_cache,True,True,True,128,100000,0.1,0,2025-06-22 13:51:04
12,98.9916000000006,46.78072599999993,1036.8968617916107,0.7936892021371617,97746,25408,25408,0.25408,13136,3962,True,complex,maximum_cache,True,True,True,128,100000,0.1,0,2025-06-22 13:52:32
13,99.10360000000061,45.71520999999995,1125.0807118415833,0.7901699088209315,113613,30170,30170,0.3017,15867,4762,True,complex,maximum_cache,True,True,True,128,100000,0.1,0,2025-06-22 13:54:01
14,102.59400000000029,47.42263519999993,1215.0629398822784,0.786689479585163,134719,36529,36529,0.36529,21106,6359,True,complex,maximum_cache,True,True,True,128,100000,0.1,0,2025-06-22 13:55:31
15,102.59400000000029,47.113611999999875,1305.2271518707275,0.7834656071711665,160120,44254,44254,0.44254,25401,7725,True,complex,maximum_cache,True,True,True,128,100000,0.1,0,2025-06-22 13:57:01
16,102.59400000000029,47.21680919999993,1395.4493288993835,0.7751666998407644,186933,54219,54219,0.54219,26813,9965,True,complex,maximum_cache,True,True,True,128,100000,0.1,0,2025-06-22 13:58:31
17,102.59400000000029,48.438685999999926,1487.1347618103027,0.7633675412247479,222114,68852,68852,0.68852,35181,14633,True,complex,maximum_cache,True,True,True,128,100000,0.1,0,2025-06-22 14:00:03
18,102.59400000000029,49.184525999999934,1579.1576159000397,0.7590727939620512,258273,81975,81975,0.81975,36159,13123,True,complex,maximum_cache,True,True,True,128,100000,0.1,0,2025-06-22 14:01:35
19,108.62440000000048,48.64067639999993,1670.3910338878632,0.7561497993387536,290912,93816,93816,0.93816,32639,11841,True,complex,maximum_cache,True,True,True,128,100000,0.1,0,2025-06-22 14:03:06
20,115.43300000000107,48.49835679999991,1762.2421429157257,0.7579633745470845,324663,103673,103673,1.03673,33751,9857,True,complex,maximum_cache,True,True,True,128,100000,0.1,0,2025-06-22 14:04:38
21,125.15320000000081,47.72513799999999,1854.0740597248077,0.7609898767288343,369472,116043,112370,1.1237,44809,12370,True,complex,maximum_cache,True,True,True,128,100000,0.1,0,2025-06-22 14:06:10
22,125.15320000000081,48.757539999999935,1946.4543108940125,0.7648969915940286,428493,131704,115661,1.15661,59021,15661,True,complex,maximum_cache,True,True,True,128,100000,0.1,0,2025-06-22 14:07:42
23,125.15320000000081,50.0142556,2040.4195289611816,0.7678484418862717,488519,147699,115995,1.15995,60026,15995,True,complex,maximum_cache,True,True,True,128,100000,0.1,0,2025-06-22 14:09:16
24,125.15320000000081,51.27945319999989,2137.0358967781067,0.7698234663025456,536724,160480,112781,1.12781,48205,12781,True,complex,maximum_cache,True,True,True,128,100000,0.1,0,2025-06-22 14:10:53
25,125.15320000000081,52.559027599999936,2235.9855058193207,0.769514184957103,584800,175160,114680,1.1468,48076,14680,True,complex,maximum_cache,True,True,True,128,100000,0.1,0,2025-06-22 14:12:31
26,157.80700000000115,52.26380839999997,2333.5234849452972,0.7691907962867419,621690,186549,111389,1.11389,36890,11389,True,complex,maximum_cache,True,True,True,128,100000,0.1,0,2025-06-22 14:14:09
27,157.80700000000115,54.77948839999993,2433.2250797748566,0.7701346695457899,658737,196616,110067,1.10067,37047,10067,True,complex,maximum_cache,True,True,True,128,100000,0.1,0,2025-06-22 14:15:49
28,157.80700000000115,55.762021599999954,2535.6736719608307,0.7709451331591667,708827,210599,113983,1.13983,50090,13983,True,complex,maximum_cache,True,True,True,128,100000,0.1,0,2025-06-22 14:17:31
29,157.80700000000115,57.717521600000005,2638.952348947525,0.7720663709491558,760446,224503,113904,1.13904,51619,13904,True,complex,maximum_cache,True,True,True,128,100000,0.1,0,2025-06-22 14:19:14
30,157.80700000000115,55.9721752,2740.097904920578,0.7707621580721344,806766,239946,115443,1.15443,46320,15443,True,complex,maximum_cache,True,True,True,128,100000,0.1,0,2025-06-22 14:20:56
31,157.80700000000115,56.737547199999916,2841.775280714035,0.7707312324398482,855050,254351,114405,1.14405,48284,14405,True,complex,maximum_cache,True,True,True,128,100000,0.1,0,2025-06-22 14:22:37
32,157.80700000000115,59.68352920000003,2946.3597297668457,0.7701562783147567,905244,270159,115808,1.15808,50194,15808,True,complex,maximum_cache,True,True,True,128,100000,0.1,0,2025-06-22 14:24:22
33,162.2910000000028,57.687086400000005,3049.0613639354706,0.7697180759333333,943104,282155,111996,1.11996,37860,11996,True,complex,maximum_cache,True,True,True,128,100000,0.1,0,2025-06-22 14:26:05
34,174.41000000000335,59.10282680000007,3152.73308968544,0.7677654976285466,978382,295942,113787,1.13787,35278,13787,True,complex,maximum_cache,True,True,True,128,100000,0.1,0,2025-06-22 14:27:48
35,174.41000000000335,60.721238,3257.8521847724915,0.7665009985134912,1020964,311016,115074,1.15074,42582,15074,True,complex,maximum_cache,True,True,True,128,100000,0.1,0,2025-06-22 14:29:33
36,174.41000000000335,58.44227840000006,3360.1694416999817,0.7647279633689533,1059357,325916,114900,1.149,38393,14900,True,complex,maximum_cache,True,True,True,128,100000,0.1,0,2025-06-22 14:31:16
37,174.41000000000335,59.248898800000035,3463.657940864563,0.76143702308107,1096049,343399,117483,1.17483,36692,17483,True,complex,maximum_cache,True,True,True,128,100000,0.1,0,2025-06-22 14:32:59
38,174.41000000000335,59.97873119999999,3568.933266878128,0.7572437747455034,1134542,363710,120311,1.20311,38493,20311,True,complex,maximum_cache,True,True,True,128,100000,0.1,0,2025-06-22 14:34:44
39,174.41000000000335,60.7348584,3674.3077487945557,0.7537067582355091,1172978,383301,119591,1.19591,38436,19591,True,complex,maximum_cache,True,True,True,128,100000,0.1,0,2025-06-22 14:36:30
40,174.41000000000335,61.095626400000036,3780.033660888672,0.7522430574991448,1209494,398356,115055,1.15055,36516,15055,True,complex,maximum_cache,True,True,True,128,100000,0.1,0,2025-06-22 14:38:16
41,174.41000000000335,62.01613640000004,3886.3576147556305,0.7498912589051566,1243025,414582,116226,1.16226,33531,16226,True,complex,maximum_cache,True,True,True,128,100000,0.1,0,2025-06-22 14:40:02
42,174.41000000000335,62.47972560000002,3992.496540784836,0.747228746929892,1282657,433895,119313,1.19313,39632,19313,True,complex,maximum_cache,True,True,True,128,100000,0.1,0,2025-06-22 14:41:48
43,174.41000000000335,61.73693799999999,4097.444130659103,0.7469231908384654,1326496,449451,115556,1.15556,43839,15556,True,complex,maximum_cache,True,True,True,128,100000,0.1,0,2025-06-22 14:43:33
44,174.41000000000335,63.04852720000006,4205.393112659454,0.745562534393442,1375164,469301,119850,1.1985,48668,19850,True,complex,maximum_cache,True,True,True,128,100000,0.1,0,2025-06-22 14:45:21
45,174.41000000000335,62.23114560000006,4313.045727014542,0.7452814002270243,1424747,486943,117642,1.17642,49583,17642,True,complex,maximum_cache,True,True,True,128,100000,0.1,0,2025-06-22 14:47:09
46,174.41000000000335,61.32985720000001,4420.584816932678,0.7457207853434864,1489232,507805,120862,1.20862,64485,20862,True,complex,maximum_cache,True,True,True,128,100000,0.1,0,2025-06-22 14:48:56
47,174.41000000000335,63.57313400000004,4529.360442876816,0.7475824474145891,1577929,532780,124975,1.24975,88697,24975,True,complex,maximum_cache,True,True,True,128,100000,0.1,0,2025-06-22 14:50:45
48,174.41000000000335,61.762237999999996,4635.723788738251,0.749212721059084,1686083,564390,131610,1.3161,108154,31610,True,complex,maximum_cache,True,True,True,128,100000,0.1,0,2025-06-22 14:52:31
49,182.2536000000035,62.126881600000075,4742.750227928162,0.7509204069519566,1796517,595903,131513,1.31513,110434,31513,True,complex,maximum_cache,True,True,True,128,100000,0.1,0,2025-06-22 14:54:18
50,182.2536000000035,62.11712120000004,4850.269503831863,0.7537042694196185,1926903,629674,133771,1.33771,130386,33771,True,complex,maximum_cache,True,True,True,128,100000,0.1,0,2025-06-22 14:56:06
